NVERTS 12
NFACES 10

VERTEX
-173.205100,-100.00000, 0.00000
-173.205100, 100.00000, 0.00000
-200.000000, 0.00000, 0.00000
 173.205100,-100.00000, 0.00000
 173.205100, 100.00000, 0.00000
 100.000000,-173.20510, 0.00000
 100.000000, 173.20510, 0.00000
 0.000000,-200.00000, 0.00000
 0.000000, 200.00000, 0.00000
-100.000000,-173.20510, 0.00000
-100.000000, 173.20510, 0.00000
 200.000000, 0.00000, 0.00000


FACES
0 0 0	0 0 0	3	0 1 2
0 0 0	0 0 0	3	3 4 5
0 0 0	0 0 0	3	4 6 5
0 0 0	0 0 0	3	5 6 7
0 0 0	0 0 0	3	6 8 7
0 0 0	0 0 0	3	7 8 9
0 0 0	0 0 0	3	8 10 9
0 0 0	0 0 0	3	9 10 0
0 0 0	0 0 0	3	10 1 0
0 0 0	0 0 0	3	11 4 3

TEXTURES
0	1.0 1.0	0.08084 0.742	0.08084 0.258	0.016 0.5
0	1.0 1.0	0.91916 0.742	0.91916 0.258	0.742 0.91916
0	1.0 1.0	0.91916 0.258	0.742 0.08084	0.742 0.91916
0	1.0 1.0	0.742 0.91916	0.742 0.08084	0.5 0.984
0	1.0 1.0	0.742 0.08084	0.5 0.016	0.5 0.984
0	1.0 1.0	0.5 0.984	0.5 0.016	0.258 0.91916
0	1.0 1.0	0.5 0.016	0.258 0.08084	0.258 0.91916
0	1.0 1.0	0.258 0.91916	0.258 0.08084	0.08084 0.742
0	1.0 1.0	0.258 0.08084	0.08084 0.258	0.08084 0.742
0	1.0 1.0	0.984 0.5	0.91916 0.258	0.91916 0.742

NAMES 1
bgs_exitWormhole_effect.png

NORMALS
0 0 -1
0 0 -1
0 0 -1
0 0 -1
0 0 -1
0 0 -1
0 0 -1
0 0 -1
0 0 -1
0 0 -1
0 0 -1
0 0 -1

END
